loss = 
1.45,
1.17,
0.981,
0.914,
0.921,
0.771,
0.852,
0.71,
0.744,
0.665,
0.684,
0.704,
0.608,
0.552,
0.502,
0.388,
0.623,
0.479,
0.577,
0.394,
0.383,
0.266,
0.514,
0.316,
0.322,
0.304,
0.247,
0.233,
0.246,
0.265,
0.332,
0.217,
0.22,
0.186,
0.202,
0.249,
0.153,
0.231,
0.228,
0.275,
0.112,
0.115,
0.128,
0.107,
0.0829,
0.153,
0.0857,
0.0923,
0.0992,
0.119,
0.0591,
0.0677,
0.0449,
0.0926,
0.0541,
0.0654,
0.0365,
0.0557,
0.0976,
0.119,
0.0986,
0.0338,
0.0401,
0.0609,
0.128,
0.0564,
0.0374,
0.0915,
0.0705,
0.074,
0.0451,
0.0751,
0.0487,
0.0766,
0.0496,
0.0512,
0.0342,
0.12,
0.0622,
0.0462